220.0 199.0 15.0
236.0 143.0 15.0
249.0 120.0 15.0
261.0 115.0 15.0
273.0 183.0 15.0
272.0 192.0 15.0
260.0 221.0 15.0
254.0 240.0 15.0
241.0 240.0 15.0
244.0 178.0 15.0
251.0 146.0 15.0
257.0 186.0 15.0
248.0 245.0 15.0
240.0 261.0 15.0
244.0 184.0 15.0
253.0 160.0 15.0
261.0 123.0 15.0
262.0 96.0 15.0
263.0 80.0 15.0
263.0 82.0 15.0
262.0 124.0 15.0
259.0 148.0 15.0
252.0 190.0 15.0
244.0 229.0 15.0
242.0 255.0 15.0
255.0 266.0 15.0
258.0 255.0 15.0
258.0 232.0 15.0
254.0 189.0 15.0
258.0 130.0 15.0
272.0 94.0 15.0
253.0 138.0 15.0
223.0 211.0 15.0
225.0 237.0 15.0
260.0 99.0 15.0
260.0 95.0 15.0
253.0 157.0 15.0
259.0 168.0 15.0
266.0 138.0 15.0
